Sopa: 1
Mida:10
Temps: 1.22912e+06
0 212 212 212 212 212 212 212 212 212 
Sopa: 2
Mida:10
Temps: 1.42588e+06
222 222 222 222 222 222 222 222 222 222 
Sopa: 3
Mida:10
Temps: 1.4619e+06
213 213 213 213 213 213 213 213 213 213 
