Sopa: 1
Mida:10
Temps: 2.43283e+06
212 212 212 212 212 212 212 212 212 212 
Sopa: 2
Mida:10
Temps: 2.5407e+06
222 222 222 222 222 222 222 222 222 222 
Sopa: 3
Mida:10
Temps: 2.62228e+06
213 213 213 213 213 213 213 213 213 213 