Sopa: 1
Mida:10
Temps: 1.42979e+06
212 212 212 212 212 212 212 212 212 212 
Sopa: 2
Mida:10
Temps: 1.54671e+06
222 222 222 222 222 222 222 222 222 222 
